1018946503
1017796921
1019313041
1014325815
1021461415
1004811297
1023887672
1001639978
1025128794
1000530570
1025292630
998730925
1030220094
998288838
1036548591
996633466
1044343187
995951878
1046218604
994420060
1047249621
992965015
1058879746
991416120
1070026466
989740975
1076463658
988541471
1077751362
987659038
1078825848
985901998
1081765760
985743084
1083869278
984575471
1088474659
983691258
1092337463
983324597
1094048697
981148368
1095394589
973314360
1098082231
972776572
1098191423
972694376
1103712330
969103888
1107408460
967501716
1107412128
967424926
1108816635
965136256
1110460567
963792938
1114479080
960941535
1116100258
957844190
1117714241
957780971
1120387850
954824854
1120733879
954655016
1121461706
954208943
1123944564
952428856
1124317407
951536069
1126922676
950777734
1127931092
942367195
1128634192
939598814
1129964868
939392124
1130627876
937112700
1133659410
935579339
1133801322
934121365
1141798880
933460724
1145155017
932096582
1145369439
931967912
1150732671
930253581
1153888948
929657112
1154943607
926840298
1157515910
925965670
1158204389
920089231
1159159747
917078505
1159639588
911146347
1160448052
909953247
1161397652
907458049
1161675317
906325627
1161748458
902863760
1162365182
900286173
1162432553
896189773
1163090854
894997529
1164127424
894258110
1165186874
890852523
1165867704
889805881
1167959156
889526068
1169843783
888241011
1171311150
887805285
1171772873
881852589
1172523631
880241048
1174012190
877698025
1174879626
877418378
1177762413
873294454
1182961612
871224862
1185219278
868498668
1187066319
867178857
1187405359
862228489
1190619241
861593086
1191191401
858332920
1192244100
858175183
1192691179
856306899
1194784685
851625968
1195927175
851569362
1196250326
847520401
1197228689
844183197
1198005881
844172799
1200176806
837579055
1200505892
830634683
1206628616
828345569
1208251249
827537344
1208303914
826321906
1212198516
826252128
1212711163
826094019
1213837072
825244304
1214788041
820934355
1216019329
818255816
1218048158
816824523
1218375917
816701051
1218949760
814805024
1219197071
810490229
1224482682
809600985
1226187702
807839985
1226263335
806560014
1229014329
806205698
1229254668
802804370
1235120093
802380798
1236408588
799577481
1238543360
797119896
1240343736
797068188
1240651317
795590120
1240910100
789499384
1241820131
788283776
1245238286
786236717
1245554324
784339374
1251840343
782268801
1261621074
779403820
1265090242
776780011
1269309239
772544129
1270954278
772347160
1271191852
771571837
1273128055
767485300
1274279157
763472213
1276003564
762748862
1277302103
761708116
1277456241
752366304
1279271357
749575577
1282178279
748665278
1282696448
748115446
1284067164
746530439
1284410650
745128380
1285403747
744470267
1285463311
744039849
1286572309
743265116
1288097495
742808969
1292938297
740889128
1293644702
740832189
1295579031
728954313
1296313153
728041756
1301761371
720434778
1304304163
716361056
1304467361
715181962
1305809470
713820475
1307571737
711411624
1318292628
705733119
1320776023
703068706
1321144387
701536987
1322259674
700924634
1323483700
699811435
1325327037
698828728
1325389453
698240135
1325662956
696481678
1330513463
696206603
1333153439
695992127
1334134710
695153604
1335796655
693384899
1336685394
692890689
1340063181
692612085
1341168247
688998530
1343991433
685848504
1347350919
685105558
1347450660
684217782
1347559897
683255673
1347969476
680975528
1351761780
679630871
1352510255
678193245
1353395853
677473090
1354102126
676443227
1354524748
675810875
1356956907
672479121
1359951998
668516343
1361151213
664781678
1361559477
661249424
1361929574
657980625
1364627771
656751196
1365642439
656154614
1365812811
654896521
1367996043
654726595
1369069442
652069603
1370369729
651703559
1370417766
650155668
1371774176
649049929
1375134522
646299022
1377270083
645655880
1388353998
643782746
1388975706
643458469
1391581633
640232190
1392836986
638493999
1392936489
636861567
1401399274
636515343
1402490521
635099844
1406069520
634413569
1411823767
634409840
1414018028
634357755
1415569823
633526905
1415679318
630728819
1416516224
627176631
1417493629
627107927
1419390193
625880578
1419645580
625138795
1419935841
622256484
1421329107
621782025
1422234325
620795865
1424513120
619961457
1425968281
618987751
1426878502
617582055
1427307970
614863690
1428304224
607647405
1428626994
605725406
1430878861
604937297
1432780467
604110386
1435565214
602147984
1437448610
601924347
1442236132
601864985
1444649359
600900906
1447393073
598938149
1456944754
594062820
1457388060
592785837
1459252702
591548155
1464833086
586757075
1469314288
585578475
1469988828
584103505
1470358002
576354492
1470516545
574155696
1479884047
573870105
1481989028
571706183
1488009790
568151919
1491546790
566263755
1505125873
566247744
1505381289
560486213
1506452026
560156832
1511080394
558376201
1512090246
557537079
1516290160
557536318
1517701610
557116202
1518331604
556177954
1518876542
553398594
1521313161
549803775
1523083349
547858415
1524290584
542325854
1524499601
541980872
1525531527
540353752
1533117965
539223352
1533958912
537578564
1537678484
537031400
1537881802
536804703
1541328616
532331147
1541638563
529786537
1541681948
529659928
1542495549
527585583
1544699874
525864729
1545470133
523307255
1548671382
518734918
1551276620
516783103
1553958418
513275783
1555650648
507239728
1556788866
506943416
1558793435
506580483
1566031635
504780709
1569053099
504099900
1571850932
503420624
1572279634
502589706
1572979209
501576393
1573940826
501084519
1575324081
498763284
1580568077
497313915
1588777609
495414482
1590051728
493913144
1602054430
493030881
1602778543
491823033
1602931616
487165453
1605924974
485010659
1608485298
484762630
1609074529
484356624
1610861415
477221252
1612494901
473408996
1615149624
469306225
1617502605
468733988
1623653184
468635943
1625059694
468244582
1626231733
461891279
1626313167
458898982
1628326870
454914224
1628879936
448403949
1635908491
447203172
1642052871
446343222
1643828204
444022629
1645035532
440744523
1646345568
440251869
1646556366
440131656
1647050384
438552499
1652504658
435239743
1652599600
431533311
1654006913
429996027
1658629582
429656956
1661346655
429549548
1664853259
427586117
1665643556
426598951
1668518966
425239049
1673913051
414459930
1674644829
412377038
1675452738
408958417
1676900939
406762123
1679910340
404310559
1682520882
402262853
1684891777
402159566
1685393319
399943501
1685731479
399185065
1686249059
397516018
1686580207
393409494
1690062088
391810401
1691230409
389943878
1692460174
387552314
1694914227
386517286
1696182159
378291658
1696184715
373792850
1696883456
373742737
1699348009
373707009
1701686147
373565440
1703005031
371064564
1704158468
370991316
1704427769
368118935
1705266977
365679405
1706904755
365661897
1709760161
365168054
1711454882
363620410
1713816639
360963350
1717047050
357828935
1717279953
355974929
1720370837
355851562
1723704808
352813075
1725864060
349932385
1726741015
346597350
1727795140
344379887
1728163872
342151533
1730759420
341606285
1731095560
341028054
1732230146
339011166
1735135818
337768843
1736205114
334168000
1740729719
333850578
1741249644
330837739
1745508318
327740865
1747216281
326099664
1751393967
320825269
1753877244
315920572
1755948043
313416606
1756348088
309578686
1764342747
309514240
1764780885
306951821
1765177466
305939870
1771174152
305547709
1772362742
305397885
1773250840
303489456
1780498917
303319520
1786895289
298476367
1793056075
296711708
1796724277
296040306
1803634986
294551082
1807945556
294099546
1808606759
292475697
1809516603
290799349
1811360248
289279057
1812348585
289019409
1817098322
287892946
1820877497
287874603
1822119170
287195199
1825033982
287149720
1825842098
286591417
1826755245
285986376
1833357491
283178654
1835508275
280572168
1837893601
275545687
1840425037
275240997
1841184172
273561912
1842306401
268219787
1845336325
268171743
1846422816
266024930
1849137244
260368814
1851082294
257510681
1851715029
257404887
1852001620
256978504
1856500698
252425539
1860423932
246507434
1862215938
244941158
1866096441
243248013
1867040518
240240581
1867344169
239827481
1867463709
235878916
1870375466
234553525
1870963983
229507547
1873745669
228211748
1879081156
224453981
1880602974
223276577
1880846873
213263844
1881507806
212637888
1889250952
211266285
1890216869
210430129
1895425166
207111224
1902934386
207089628
1903954191
204266988
1904735563
203781929
1909096523
200091917
1911009475
199988687
1911320548
197426630
1918674463
194540870
1920824189
193377728
1921061756
188488420
1923844800
187551609
1931503565
179548353
1931707485
175427324
1931734720
174634450
1932302206
170300274
1934554425
166677770
1934803751
163647774
1936606994
163459211
1936989859
160726926
1940876191
160523196
1942320005
160434455
1942890558
160373921
1943071615
160289127
1943303469
158272881
1944356698
157063327
1944613761
148197529
1947847761
148007681
1949483380
147180249
1951412649
147116987
1954106202
147077475
1960051623
146692972
1961770583
144769338
1963105705
144620543
1964393658
144483096
1964977588
143541589
1967102552
139750076
1967550454
136765723
1973431317
133470280
1974140850
131873771
1974233586
131807752
1974774719
130372546
1976940526
127030753
1977993977
126784875
1989902590
124610265
1990855082
123994197
1991760014
123142444
1994752893
122009198
1998446054
120880860
2000947756
120846669
2001347242
119727714
2001875865
117962840
2003413500
116783632
2008455111
110285596
2012388388
109888600
2024059843
104055358
2024388286
103140661
2026353542
102078904
2026644652
96962915
2027776402
92790302
2028000367
90278146
2029492466
86496510
2033508901
86077004
2034550433
85387434
2034767905
84839142
2035647291
83781266
2038226176
79889683
2042095632
78329158
2043559668
73481335
2043935330
69424577
2044600651
68048735
2046942061
67002462
2047119212
65615881
2048506935
63383425
2048886022
62611135
2050152354
62465041
2060700345
62222012
2061554725
60115143
2064150501
59597046
2067078231
58838584
2068315395
57862839
2075768957
55132795
2076507389
49421194
2076685158
46969495
2081071579
46886546
2081830467
45952106
2082554867
41664409
2083679741
39948869
2084181814
39734751
2086479551
33390404
2091270742
30892412
2092881589
30554991
2107256783
27235032
2108963294
21426853
2112955941
19822035
2115657511
19294825
2122444152
19016032
2122639123
17051658
2130510659
14845047
2132205841
14823108
2132531092
14196511
2133369933
7160916
2135908485
3165225
2140785659
2822648
2143539849
