1
1
2
4
1
6
7
2
5
3
2
1
8
6
13
3
2
8
9
16
1
1
14
1
4
19
14
16
26
25
14
10
3
33
35
35
22
3
3
10
2
30
9
27
36
26
19
42
18
19
39
25
14
40
10
54
15
5
4
46
53
45
46
63
28
52
27
66
1
70
39
27
38
24
13
49
50
63
30
20
30
29
78
60
25
49
65
78
81
49
5
19
83
38
58
72
22
49
22
2
75
3
42
27
21
67
100
2
77
92
103
111
14
55
98
67
113
113
116
8
51
41
17
18
101
61
120
128
51
49
30
58
36
60
58
35
17
58
69
48
93
64
63
114
120
102
113
70
80
88
14
34
89
48
115
41
7
48
87
156
107
109
89
83
146
62
74
30
122
89
61
116
16
2
102
111
101
163
109
89
42
9
129
29
52
44
99
97
151
169
151
188
32
181
9
42
5
130
180
113
29
94
114
37
68
142
109
28
79
82
123
6
125
201
21
155
214
131
153
67
97
12
84
81
64
192
100
191
185
64
16
15
148
97
214
95
35
123
225
156
93
57
212
233
89
16
44
144
46
74
117
89
81
119
55
8
169
39
216
106
89
194
195
44
28
46
167
234
136
44
191
249
57
244
56
239
244
142
134
252
17
141
175
207
64
8
38
223
284
113
291
99
38
114
168
187
159
95
46
42
38
212
144
30
213
57
256
157
171
64
245
164
185
133
227
23
193
282
143
211
100
199
91
269
268
315
144
148
201
288
11
64
316
321
150
283
314
229
123
134
147
233
161
331
120
115
312
187
260
36
157
27
236
248
328
233
246
312
168
161
300
309
68
9
20
49
61
227
12
176
252
37
87
108
64
122
311
113
295
209
212
278
298
348
49
314
76
11
43
46
44
370
109
374
254
353
145
95
79
216
102
129
6
242
395
354
5
258
150
40
218
170
211
371
61
179
25
161
303
37
286
128
258
64
186
7
100
117
220
95
155
327
180
25
174
216
377
140
376
258
24
119
271
222
93
110
353
284
65
326
185
218
325
185
8
37
281
209
430
42
176
259
47
425
302
429
301
8
155
49
304
31
331
238
155
251
345
407
158
157
172
334
430
377
438
436
88
429
477
384
441
35
325
167
326
448
188
386
86
262
316
361
160
135
472
313
45
322
105
403
453
178
67
396
170
129
108
38
290
215
396
260
206
32
115
289
222
484
29
240
287
69
291
470
111
86
33
366
11
162
537
420
136
382
77
351
481
501
202
275
386
396
263
208
159
48
254
96
230
527
291
525
51
563
55
185
456
351
277
174
71
173
101
193
59
497
571
132
417
22
366
403
22
2
89
520
169
319
315
350
212
254
257
591
35
246
488
367
196
550
56
206
547
407
429
301
90
588
549
275
525
214
235
504
62
596
2
187
29
284
502
579
339
519
366
476
9
314
160
204
618
139
338
148
377
636
81
619
77
129
427
80
56
436
19
642
356
254
469
623
260
464
405
515
399
256
571
155
541
659
191
480
453
286
336
639
642
498
264
29
403
390
248
603
426
426
202
55
201
162
246
589
116
113
352
426
118
450
593
546
187
227
136
322
244
197
656
291
276
427
50
150
521
420
149
608
313
395
382
138
61
346
24
321
416
479
27
525
129
443
455
570
40
634
289
302
253
420
220
277
271
479
509
730
701
272
152
688
214
420
690
66
191
332
451
676
167
731
336
599
402
264
336
558
701
682
100
87
685
513
32
391
689
308
225
181
161
303
475
210
494
642
77
579
522
386
734
75
484
184
27
472
671
452
671
166
503
143
231
14
571
764
605
611
438
227
197
230
779
188
435
169
361
115
314
658
677
738
443
683
589
35
122
193
205
143
198
230
788
302
257
351
261
636
314
96
528
313
318
57
734
400
68
766
241
531
578
171
816
585
467
743
489
17
428
706
640
506
9
629
401
582
656
710
26
679
505
70
219
109
503
474
63
859
221
289
274
38
467
227
375
835
813
102
538
333
650
467
235
447
769
658
179
140
344
780
632
587
127
75
797
394
453
432
469
248
210
816
831
567
345
563
633
818
79
495
404
581
529
206
92
11
54
314
728
328
591
914
622
504
216
701
831
809
573
630
862
415
275
612
284
600
42
932
196
589
343
693
25
61
884
85
334
504
235
528
756
499
896
144
414
271
592
35
61
328
98
168
375
39
705
651
178
62
414
472
203
857
604
22
881
461
58
106
975
859
625
24
337
480
104
588
347
466
599
84
58
316
527
582
248
919
845
464
983
607
241
836
474
256
