1628879936
1213837072
1392936489
1713816639
 473408996
1842306401
1942890558
 627107927
1558793435
 728954313
 585578475
 365661897
1425968281
1150732671
1780498917
 574155696
 378291658
 925965670
1021461415
1686249059
 280572168
 110285596
1347559897
  62465041
 292475697
1491546790
1107412128
1165186874
1736205114
1704427769
1077751362
 594062820
 256978504
1903954191
2083679741
2024059843
1370369729
 194540870
 160434455
 391810401
  68048735
1556788866
 309578686
1365642439
1696184715
1216019329
 810490229
1764342747
 654726595
 685848504
1685731479
1081765760
 560486213
1572979209
 349932385
1977993977
 477221252
 179548353
 158272881
1652599600
1755948043
1590051728
1628326870
2064150501
1001639978
1690062088
 907458049
2026644652
   2822648
2107256783
1224482682
 744039849
1197228689
 643782746
 341606285
1428626994
1469314288
1701686147
 748665278
 537031400
 740889128
 705733119
1991760014
1623653184
 618987751
1301761371
1645035532
1817098322
1936989859
1279271357
 147180249
 468244582
1867040518
 889526068
1419935841
1682520882
 532331147
1190619241
 493030881
  14845047
1646345568
  46886546
 844183197
 542325854
 438552499
1422234325
1964393658
  14823108
1602931616
1717279953
1949483380
2092881589
 257404887
1114479080
1765177466
1367996043
2048506935
2033508901
2075768957
 144620543
 939598814
 688998530
 287874603
 289019409
1730759420
1126922676
2027776402
2122444152
 880241048
 797119896
 487165453
 957844190
 571706183
 985901998
 929657112
 557537079
 287149720
 900286173
1088474659
 696481678
1470358002
 951536069
 935579339
1703005031
1751393967
1615149624
1694914227
1076463658
1192244100
1354524748
 210430129
 527585583
1322259674
 654896521
1647050384
 573870105
  84839142
 636861567
1194784685
2081071579
1479884047
1541638563
1200505892
1145369439
1880602974
 844172799
 983691258
 447203172
1626231733
1174012190
 767485300
1505381289
 234553525
  14196511
1282696448
1415569823
1245554324
1954106202
1365812811
1128634192
 557536318
 109888600
1571850932
 352813075
 602147984
 557116202
1174879626
1162365182
1692460174
1867463709
1691230409
2081830467
 387552314
1998446054
  96962915
 516783103
  19016032
1442236132
1943071615
1229254668
 333850578
1078825848
1219197071
 404310559
 696206603
1537678484
1187405359
 305547709
 816824523
 851625968
1238543360
  41664409
1240343736
2001875865
 229507547
1572279634
2084181814
1307571737
1545470133
 650155668
 985743084
 103140661
 827537344
 776780011
 617582055
1753877244
 967501716
1732230146
1696883456
 607647405
 146692972
 117962840
1369069442
 911146347
1944613761
 896189773
 330837739
1159639588
2012388388
1419390193
 847520401
 556177954
1820877497
2029492466
 809600985
 144483096
 389943878
1236408588
 399185065
 625880578
 991416120
 745128380
 683255673
 987659038
 506580483
  59597046
1414018028
 341028054
1723704808
 877418378
 703068706
1602054430
1602778543
 373565440
 252425539
 373742737
1347350919
1807945556
1095394589
 355974929
1533958912
1947847761
 469306225
1870375466
 454914224
1796724277
1845336325
1123944564
1025128794
1911009475
 139750076
1094048697
1333153439
1575324081
 493913144
  46969495
 298476367
1652504658
2082554867
 830634683
2133369933
 700924634
 294551082
 826252128
1208251249
1361151213
1163090854
 676443227
 342151533
 327740865
 294099546
1524290584
 998288838
 243248013
1505125873
 386517286
1725864060
1103712330
1177762413
 446343222
1684891777
1130627876
1226263335
 906325627
1548671382
 157063327
1277456241
1851082294
 963792938
1401399274
 651703559
1304467361
 598938149
1717047050
1709760161
2048886022
 954208943
 981148368
1288097495
1809516603
  67002462
 402159566
2026353542
2035647291
 972776572
1741249644
1994752893
1444649359
 799577481
 871224862
 942367195
1457388060
 998730925
2047119212
 761708116
 728041756
1923844800
1171311150
1609074529
 268171743
 973314360
 160523196
1424513120
1511080394
1973431317
1417493629
1481989028
1833357491
1004811297
 984575471
1731095560
1771174152
 408958417
  55132795
 122009198
 306951821
 368118935
1343991433
  63383425
1014325815
1456944754
 246507434
 506943416
 620795865
 370991316
 695153604
1720370837
 643458469
1665643556
1187066319
1191191401
1569053099
1661346655
1934554425
 296711708
1705266977
 406762123
  62222012
 273561912
 287195199
 275545687
2008455111
 586757075
2024388286
1370417766
1873745669
 788283776
 507239728
 402262853
1171772873
 547858415
 656751196
  33390404
1261621074
2067078231
1825033982
  17051658
1361559477
 771571837
 244941158
1161397652
 894258110
1110460567
1902934386
 320825269
 933460724
 126784875
 818255816
1551276620
 204266988
1432780467
 636515343
1285403747
 326099664
 937112700
  27235032
 491823033
 566247744
1098191423
 461891279
 743265116
1605924974
 888241011
 119727714
 837579055
1018946503
1772362742
 652069603
1764780885
1214788041
 116783632
 558376201
1265090242
1030220094
 426598951
 513275783
1675452738
1325662956
 309514240
1537881802
 862228489
 992965015
1518876542
 861593086
  30892412
 160289127
1269309239
 957780971
1989902590
 203781929
 806205698
1172523631
 239827481
1942320005
1359951998
1944356698
1354102126
  30554991
 679630871
 240240581
1351761780
 130372546
1447393073
1025292630
 656154614
1108816635
1518331604
1747216281
 678193245
 668516343
 740832189
1430878861
1849137244
1635908491
1880846873
1870963983
 371064564
1825842098
2060700345
1654006913
1879081156
 144769338
1388975706
 695992127
1375134522
1889250952
 802380798
1646556366
 360963350
1116100258
1347450660
1533117965
 657980625
 566263755
1967102552
1320776023
 200091917
1347969476
 412377038
1668518966
1856500698
 716361056
 290799349
1643828204
 684217782
 541980872
 429656956
 148197529
1185219278
 867178857
1610861415
1046218604
 826321906
 131873771
 458898982
1167959156
 881852589
1934803751
 120880860
 952428856
1154943607
 287892946
1161675317
1841184172
 425239049
 334168000
 131807752
1419645580
  39948869
 625138795
2091270742
1642052871
 523307255
1464833086
 296040306
1352510255
1840425037
1932302206
 748115446
1044343187
1459252702
1512090246
 989740975
 782268801
 601864985
 163647774
 954824854
 355851562
 856306899
1976940526
1098082231
1963105705
 197426630
2132531092
 207089628
 672479121
1686580207
1293644702
1000530570
 640232190
 285986376
 633526905
 357828935
 680975528
 235878916
1786895289
2086479551
 468733988
1516290160
  83781266
1323483700
1437448610
  79889683
   7160916
 305939870
1852001620
 592785837
1141798880
1121461706
1218949760
 715181962
 887805285
 889805881
2112955941
 123994197
 851569362
1699348009
1276003564
 664781678
1936606994
 199988687
 685105558
1904735563
1411823767
1469988828
1017796921
 303319520
2042095632
1895425166
 939392124
1793056075
 698240135
 789499384
1706904755
 213263844
2043935330
   3165225
 634357755
 104055358
 950777734
1696182159
1961770583
1145155017
1726741015
1208303914
1612494901
  19822035
1023887672
 537578564
 661249424
2076507389
 448403949
1117714241
 484356624
1218048158
2143539849
 283178654
2050152354
 266024930
 399943501
1388353998
 275240997
 174634450
1415679318
  58838584
2115657511
1158204389
 802804370
1517701610
2034550433
 820934355
1488009790
1292938297
1664853259
1270954278
 807839985
1826755245
 484762630
1711454882
2140785659
 604110386
1525531527
1427307970
 890852523
1070026466
2038226176
2046942061
1573940826
 826094019
  86077004
1251840343
1212711163
 762748862
1890216869
1341168247
1340063181
 635099844
 160373921
 630728819
 504099900
 742808969
1822119170
 344379887
 339011166
1092337463
1295579031
 346597350
1364627771
1812348585
1679910340
 568151919
 675810875
 393409494
 960941535
 701536987
 600900906
2000947756
 858332920
 814805024
1273128055
 147116987
 440744523
1553958418
1235120093
 429996027
1811360248
 909953247
1169843783
1133801322
 397516018
 175427324
 996633466
  65615881
 934121365
1198005881
1371774176
  73481335
1524499601
 363620410
1274279157
1305809470
1658629582
 120846669
1835508275
 825244304
 858175183
 698828728
1192691179
 634409840
 786236717
 749575577
1353395853
1426878502
2130510659
2028000367
 752366304
 414459930
1974774719
 619961457
1182961612
1974233586
 193377728
 553398594
 917078505
1240651317
1931707485
 468635943
2076685158
 931967912
1685393319
1127931092
 711411624
 926840298
1541681948
1967550454
1911320548
 289279057
 257510681
1918674463
1402490521
  86496510
1083869278
1920824189
 828345569
 627176631
 502589706
 431533311
 816701051
1277302103
 576354492
1336685394
1727795140
 223276577
1566031635
1392836986
1019313041
2003413500
 207111224
1286572309
 501576393
  69424577
1245238286
1808606759
1195927175
1803634986
 440131656
1334134710
 373707009
 621782025
  39734751
1506452026
2044600651
1608485298
1625059694
1164127424
 605725406
 525864729
 614863690
2068315395
 495414482
1153888948
 440251869
 932096582
 305397885
 806560014
1704158468
1745508318
1940876191
1160448052
1756348088
1521313161
  92790302
 313416606
 501084519
 529786537
 365679405
 504780709
 591548155
2043559668
 744470267
 638493999
 868498668
 649049929
1626313167
 772544129
 268219787
1325389453
 763472213
 779403820
 147077475
1862215938
 983324597
 166677770
1943303469
 604937297
1318292628
1421329107
 429549548
2061554725
1428304224
1162432553
1866096441
1196250326
  45952106
1036548591
1735135818
1580568077
1229014329
  19294825
1542495549
 965136256
1416516224
1617502605
1728163872
  62611135
1674644829
1218375917
 163459211
 540353752
 286591417
1212198516
1161748458
 148007681
2122639123
 539223352
 677473090
 645655880
  90278146
1133659410
 549803775
 877698025
2034767905
1974140850
 260368814
1271191852
 772347160
1544699874
1124317407
 560156832
1058879746
1837893601
1555650648
 427586117
 337768843
 795590120
1851715029
1470516545
1361929574
 303489456
 170300274
1881507806
 902863760
1047249621
 988541471
1107408460
 584103505
 497313915
1931734720
1951412649
1296313153
 784339374
1285463311
1435565214
1921061756
 187551609
1157515910
 920089231
1325327037
1200176806
 485010659
 224453981
  21426853
 127030753
 692890689
1673913051
 720434778
1330513463
2132205841
1391581633
1159159747
 498763284
1588777609
1909096523
1846422816
1282178279
1406069520
1964977588
 930253581
 622256484
1356956907
 634413569
1335796655
 102078904
2135908485
 444022629
1304304163
 746530439
1541328616
  60115143
 143541589
1990855082
 188488420
 713820475
1129964868
 529659928
1165867704
1676900939
1120733879
2001347242
 315920572
 894997529
 601924347
1284410650
  78329158
 136765723
 693384899
 211266285
 365168054
 797068188
  85387434
1523083349
1377270083
 373792850
 133470280
 873294454
 994420060
 435239743
1867344169
1284067164
  49421194
1931503565
 972694376
 124610265
 228211748
2144101986
1860423932
1321144387
  57862839
 692612085
 995951878
 212637888
1226187702
 699811435
 967424926
1240910100
 160726926
 123142444
 646299022
1120387850
1206628616
 518734918
1960051623
1773250840
 954655016
2108963294
1241820131
 503420624
1740729719
 969103888
 536804703
