1
1
2
4
1
7
8
2
5
3
2
1
8
6
14
2
2
8
10
15
1
1
14
1
3
19
15
16
27
27
15
8
2
33
34
34
21
2
2
8
2
30
8
26
38
25
19
43
18
19
38
26
12
39
9
53
13
4
3
44
54
44
45
62
29
49
26
65
1
68
38
26
38
24
12
49
51
59
29
18
29
28
77
59
22
48
63
79
81
52
4
17
83
36
58
69
20
49
20
2
73
3
40
25
19
67
99
2
76
93
103
111
11
55
99
68
112
112
114
7
52
40
16
17
102
61
119
128
49
47
29
59
33
61
59
34
16
55
70
48
94
64
64
110
120
101
110
70
80
90
11
33
91
47
113
38
6
48
87
154
108
109
87
83
147
60
75
28
120
89
59
116
13
3
105
111
104
163
110
89
41
8
128
27
49
43
100
97
148
170
148
186
30
180
9
42
5
131
180
116
28
95
112
35
68
142
110
27
77
79
126
6
128
200
19
154
211
132
152
66
98
11
82
80
61
192
101
192
181
61
15
14
149
93
214
92
34
123
224
156
90
56
212
233
87
15
43
147
44
69
118
87
80
121
53
8
169
37
217
105
88
192
194
42
25
44
167
234
136
42
191
249
55
245
54
239
245
142
136
252
16
141
176
205
62
9
39
221
281
114
292
98
37
115
167
189
158
94
43
41
40
212
145
27
213
54
258
158
172
61
242
164
188
132
226
21
195
283
144
211
99
199
88
270
264
314
143
147
202
289
10
62
315
320
149
283
313
230
121
133
146
234
160
330
117
113
312
184
259
35
156
25
237
247
325
232
245
312
165
159
301
310
65
9
19
50
59
227
11
173
253
34
84
107
62
122
311
113
292
209
211
277
295
348
50
312
73
10
42
45
43
369
106
373
253
354
144
93
77
213
101
129
6
243
393
354
5
259
149
37
217
170
210
370
60
179
25
163
302
34
287
128
259
63
186
6
99
114
219
89
154
326
178
24
175
213
378
139
377
255
23
117
272
216
89
110
349
284
67
325
184
216
324
184
7
34
284
207
429
40
174
256
44
425
303
429
302
9
154
46
305
31
332
233
156
248
344
407
157
158
172
335
431
375
437
437
86
431
475
381
442
34
324
167
325
447
186
384
84
258
316
361
161
132
469
312
42
323
101
399
454
177
66
394
166
128
103
36
290
208
394
254
202
32
109
286
217
484
27
238
286
68
290
471
108
84
33
366
11
162
533
418
136
381
79
351
482
501
197
269
386
397
261
203
156
47
252
94
223
523
289
523
49
559
52
183
453
352
276
171
70
171
98
189
57
497
567
125
418
21
366
403
23
2
90
521
167
316
311
347
208
249
251
586
35
240
484
370
194
549
54
202
544
407
428
298
91
587
547
276
525
211
229
502
61
595
4
185
29
283
499
577
336
521
364
474
8
309
161
202
615
134
336
147
374
631
80
617
77
127
429
79
55
437
19
639
355
250
470
622
256
463
407
511
401
251
573
156
538
653
190
480
453
280
329
637
641
496
259
29
404
388
242
601
425
427
200
53
199
161
241
589
113
111
351
427
115
451
594
541
185
224
134
321
239
194
655
284
271
430
48
146
520
421
145
609
305
392
381
136
60
342
24
321
414
478
27
525
125
446
455
567
38
635
284
295
248
418
218
273
265
479
509
725
701
266
149
684
212
420
686
64
191
323
453
676
160
728
336
593
401
262
336
557
698
681
99
87
684
513
33
390
688
301
223
180
157
298
477
205
493
644
76
578
523
382
732
73
485
184
30
474
672
449
673
162
502
140
231
15
570
763
604
609
436
226
197
229
777
187
434
165
362
116
309
654
677
736
442
684
589
35
121
194
205
141
198
228
787
297
254
344
257
633
310
95
528
306
314
56
733
398
67
767
240
530
577
167
817
584
465
742
487
17
422
706
637
508
8
628
399
583
654
712
26
675
504
69
220
107
501
473
62
854
222
287
270
38
466
227
368
834
810
102
541
329
649
465
234
440
770
657
175
138
339
780
630
587
128
74
795
387
445
430
470
244
211
812
829
569
341
564
633
817
80
493
395
581
527
207
91
9
53
312
724
325
591
908
622
503
217
698
831
810
574
630
861
414
276
612
282
599
40
926
191
589
337
692
24
60
883
86
332
502
237
525
751
498
895
143
407
269
592
36
60
326
97
165
370
39
706
652
174
61
407
468
199
855
604
23
878
459
58
104
968
857
623
24
335
476
102
590
342
464
601
83
58
312
528
580
248
916
846
464
978
609
241
836
472
255
