0
0
1018946503
0
1019313041
0
1014325815
0
1001639978
1004811297
998730925
1017796921
998288838
1021461415
996633466
1023887672
1000530570
1025128794
994420060
1025292630
991416120
1030220094
0
0
0
0
0
0
989740975
0
987659038
988541471
0
0
985743084
0
983691258
984575471
0
0
0
0
981148368
0
973314360
0
983324597
0
972776572
0
972694376
0
967501716
0
969103888
0
965136256
0
963792938
0
957844190
0
957780971
0
954824854
0
954208943
954655016
0
0
951536069
0
952428856
0
942367195
0
939598814
0
950777734
0
937112700
0
935579339
0
939392124
0
931967912
0
0
0
0
0
929657112
0
930253581
0
0
0
0
0
925965670
926840298
917078505
932096582
911146347
933460724
920089231
934121365
907458049
960941535
909953247
967424926
906325627
985901998
900286173
992965015
902863760
995951878
896189773
1036548591
894258110
1044343187
894997529
1046218604
889805881
1047249621
889526068
1058879746
890852523
1070026466
888241011
1076463658
881852589
1077751362
887805285
1078825848
880241048
1081765760
877418378
1083869278
877698025
1088474659
871224862
1092337463
868498668
1094048697
873294454
1095394589
867178857
1098082231
862228489
1098191423
861593086
1103712330
858332920
1107408460
858175183
1107412128
856306899
1108816635
851625968
1110460567
851569362
1114479080
847520401
1116100258
844183197
1117714241
844172799
1120387850
830634683
1120733879
837579055
1121461706
826252128
1123944564
0
0
0
0
0
0
826094019
0
820934355
825244304
816824523
826321906
818255816
827537344
828345569
1124317407
814805024
1126922676
810490229
1127931092
816701051
1128634192
809600985
1129964868
807839985
1130627876
806205698
1133659410
806560014
1133801322
802380798
1141798880
802804370
1145155017
799577481
1145369439
797119896
1150732671
795590120
1153888948
797068188
1154943607
789499384
1157515910
788283776
1158204389
786236717
1159159747
782268801
1159639588
784339374
1160448052
776780011
1161397652
772544129
1161675317
779403820
1161748458
771571837
1162365182
767485300
1162432553
772347160
1163090854
762748862
1164127424
761708116
1165186874
763472213
1165867704
749575577
1167959156
748665278
1169843783
748115446
1171311150
752366304
1171772873
745128380
1172523631
746530439
1174012190
744039849
1174879626
743265116
1177762413
744470267
1182961612
740889128
1185219278
742808969
1187066319
728954313
1187405359
740832189
1190619241
728041756
1191191401
716361056
1192244100
715181962
1192691179
720434778
1194784685
711411624
1195927175
713820475
1196250326
705733119
1197228689
703068706
1198005881
700924634
1200176806
701536987
1200505892
698828728
1206628616
699811435
1208251249
698240135
1208303914
696481678
1212198516
696206603
1212711163
695992127
1213837072
695153604
1214788041
693384899
1216019329
692890689
1218048158
688998530
1218375917
692612085
1218949760
685848504
1219197071
685105558
1224482682
684217782
1226187702
683255673
1226263335
679630871
1229014329
680975528
1229254668
678193245
1235120093
676443227
1236408588
677473090
1238543360
672479121
1240343736
668516343
1240651317
675810875
1240910100
664781678
1241820131
657980625
1245238286
661249424
1245554324
656751196
1251840343
656154614
1261621074
654896521
1265090242
654726595
1269309239
651703559
1270954278
652069603
1271191852
650155668
1273128055
649049929
1274279157
646299022
1276003564
645655880
1277302103
643782746
1277456241
643458469
1279271357
640232190
1282178279
636861567
1282696448
638493999
1284067164
636515343
1284410650
635099844
1285403747
634413569
1285463311
634409840
1286572309
634357755
1288097495
633526905
1292938297
630728819
1293644702
627107927
1295579031
627176631
1296313153
625880578
1301761371
625138795
1304304163
622256484
1304467361
621782025
1305809470
619961457
1307571737
620795865
1318292628
618987751
1320776023
617582055
1321144387
614863690
1322259674
607647405
1323483700
605725406
1325327037
604937297
1325389453
604110386
1325662956
601924347
1330513463
602147984
1333153439
601864985
1334134710
594062820
1335796655
0
0
0
0
592785837
0
591548155
586757075
585578475
0
0
0
576354492
0
574155696
584103505
0
0
0
0
571706183
0
573870105
0
0
0
566263755
0
560486213
566247744
558376201
568151919
557537079
0
560156832
0
557536318
0
557116202
0
556177954
0
549803775
0
553398594
0
542325854
547858415
541980872
0
540353752
0
0
0
537578564
539223352
0
0
0
0
0
0
532331147
536804703
529659928
537031400
0
0
0
0
525864729
527585583
0
0
516783103
518734918
506943416
507239728
506580483
513275783
504099900
523307255
504780709
1336685394
502589706
1340063181
0
0
501576393
503420624
498763284
1341168247
495414482
1343991433
493913144
1347350919
0
0
0
0
493030881
497313915
0
0
0
0
487165453
0
484762630
0
484356624
0
477221252
0
0
0
0
0
473408996
485010659
0
0
0
0
469306225
0
468733988
0
468244582
0
468635943
0
0
0
461891279
0
454914224
458898982
447203172
491823033
448403949
501084519
446343222
529786537
440744523
0
444022629
440131656
438552499
440251869
0
0
0
0
0
0
431533311
0
429996027
435239743
429656956
0
429549548
0
0
0
426598951
427586117
0
0
425239049
0
412377038
414459930
408958417
0
0
0
404310559
406762123
402159566
0
399185065
399943501
0
0
0
0
393409494
0
391810401
397516018
387552314
402262853
378291658
386517286
0
0
0
0
0
0
373742737
0
373792850
0
373565440
373707009
0
0
370991316
0
371064564
368118935
0
0
365661897
365679405
0
0
363620410
0
360963350
0
365168054
0
355974929
0
357828935
0
352813075
355851562
349932385
389943878
344379887
0
346597350
0
0
0
342151533
0
341606285
0
0
0
341028054
0
334168000
337768843
0
0
333850578
0
330837739
0
327740865
339011166
320825269
0
326099664
0
313416606
0
309578686
315920572
306951821
0
305547709
305939870
0
0
0
0
0
0
305397885
0
303489456
0
303319520
0
296040306
0
0
0
294099546
294551082
0
0
0
0
0
0
0
0
290799349
0
289019409
289279057
0
0
0
0
287195199
287874603
0
0
0
0
285986376
286591417
280572168
283178654
0
0
275545687
0
273561912
0
275240997
0
268171743
0
268219787
0
266024930
0
260368814
0
257510681
0
257404887
0
256978504
0
252425539
0
246507434
0
243248013
0
244941158
0
239827481
0
240240581
0
234553525
0
235878916
0
229507547
0
228211748
0
224453981
0
223276577
0
213263844
0
212637888
0
211266285
0
210430129
287149720
207089628
287892946
207111224
292475697
204266988
296711708
203781929
298476367
200091917
309514240
194540870
197426630
0
0
0
0
193377728
0
187551609
0
188488420
179548353
0
0
0
0
175427324
199988687
0
0
170300274
166677770
163647774
174634450
160726926
163459211
0
0
160434455
160523196
0
0
160289127
0
158272881
160373921
0
0
0
0
157063327
0
148197529
0
147180249
148007681
147116987
0
146692972
147077475
0
0
144620543
0
144769338
0
144483096
0
0
0
139750076
143541589
131873771
133470280
0
0
130372546
131807752
126784875
136765723
127030753
0
0
0
123994197
0
124610265
0
122009198
123142444
120880860
0
120846669
119727714
117962840
1347450660
0
0
0
0
0
0
110285596
116783632
0
0
109888600
0
103140661
104055358
96962915
0
0
0
0
0
0
0
92790302
102078904
86496510
0
90278146
0
84839142
85387434
83781266
86077004
73481335
78329158
0
0
69424577
68048735
0
0
0
0
0
0
67002462
79889683
63383425
0
65615881
0
62465041
62611135
0
0
62222012
0
59597046
60115143
0
0
0
0
58838584
0
55132795
57862839
46969495
0
49421194
46886546
0
0
0
0
41664409
45952106
39734751
39948869
0
0
27235032
30554991
0
0
19822035
0
21426853
0
19016032
0
19294825
0
0
0
0
0
14845047
17051658
14823108
30892412
14196511
33390404
7160916
0
3165225
0
0
0
