10Size
16
15
24
26
24
15
30
23
31
19
16
13
20
29
20
19
19
20
20
23
26
17
19
33
4
17
18
15
21
25
15
17
19
22
12
21
25
25
22
22
23
19
17
17
16
28
19
30
14
25
19
23
28
20
17
18
19
16
22
16
12
12
27
20
20
21
17
10
11
23
26
18
19
24
25
17
17
27
16
13
22
16
15
19
15
19
33
19
12
21
12
19
15
23
23
33
16
12
15
23
23
21
21
23
21
26
20
27
29
9
27
27
14
13
35
13
15
20
19
28
17
21
20
21
17
16
21
25
23
24
23
28
7
24
30
19
19
14
28
29
22
24
20
15
13
17
17
31
17
17
21
15
16
20
13
23
38
26
30
25
19
27
21
15
21
11
20
20
27
23
17
12
25
24
19
19
14
14
15
17
19
19
20
21
19
17
14
18
22
16
18
26
8
15
24
28
10
21
23
20
21
15
11
19
11
20
22
15
20
20
21
20
18
21
10
11
20
23
17
11
21
17
24
10
21
15
8
27
10
20
23
19
19
24
16
26
15
30
21
17
9
27
22
17
17
19
36
14
19
23
10
19
27
26
13
24
8
16
24
21
22
7
17
19
20
22
23
19
23
16
16
27
20
22
36
32
14
25
23
26
15
12
18
15
25
12
21
20
15
19
4
24
20
20
24
16
16
14
15
15
26
26
23
20
30
25
13
17
27
19
18
13
23
8
24
18
26
17
23
22
21
22
26
20
24
17
13
26
18
21
21
19
27
14
18
26
22
21
24
19
26
23
27
13
18
21
27
21
27
25
16
12
25
16
18
20
15
27
14
19
25
17
19
19
23
14
14
23
21
16
21
21
16
19
25
24
25
24
18
15
24
23
27
12
26
22
17
29
21
25
24
27
20
17
23
21
14
18
11
22
26
26
17
29
20
23
18
18
19
16
13
30
16
19
26
19
24
22
12
22
17
16
23
22
14
25
26
26
20
21
17
32
13
17
21
21
18
27
11
18
16
30
28
24
20
11
21
21
8
25
15
30
21
15
20
17
13
20
24
30
22
18
22
26
20
31
20
24
31
18
11
20
16
32
23
20
22
17
22
20
18
12
21
13
22
19
18
22
26
16
21
29
18
17
17
23
30
28
14
24
28
19
20
10
19
17
22
21
24
9
15
13
19
23
24
17
9
19
22
24
24
21
15
26
16
20
13
25
16
13
30
20
21
26
36
28
14
22
24
17
7
18
14
18
13
15
30
23
16
20
25
15
11
14
13
23
21
27
17
19
15
26
18
20
19
22
20
26
12
23
13
23
16
12
27
19
22
17
22
9
34
23
16
18
8
18
16
17
20
19
20
17
19
26
18
23
16
16
31
27
22
14
10
11
17
29
21
27
27
22
13
15
20
24
14
18
16
17
25
18
23
28
19
23
21
25
33
20
18
20
29
18
13
28
25
23
16
25
17
13
19
14
16
18
16
7
20
17
15
27
18
22
20
25
21
16
16
28
21
19
10
28
24
15
24
19
30
13
21
23
24
27
23
23
17
16
23
27
19
28
16
26
21
22
17
25
18
18
15
22
23
21
17
25
26
20
24
25
25
15
17
25
26
27
17
18
22
14
33
21
22
15
21
15
17
16
24
15
15
26
21
11
23
22
18
16
24
19
22
34
15
16
20
21
18
18
21
19
23
21
12
24
9
29
22
13
23
12
24
16
26
16
20
21
22
21
16
13
27
28
23
18
17
22
27
21
16
23
19
17
25
7
36
23
25
28
17
21
26
20
32
8
20
21
31
10
18
15
17
15
14
25
25
25
26
24
23
24
18
26
32
20
10
21
19
22
25
17
26
27
23
17
22
10
15
19
13
18
19
22
10
23
13
13
13
27
33
24
21
15
26
30
28
13
26
18
33
28
35
15
19
18
23
23
29
28
21
30
19
26
14
16
14
20
24
38
24
25
22
27
22
21
16
14
27
13
16
15
23
27
17
18
19
23
19
29
16
18
21
29
10
18
10
22
17
16
12
24
18
27
19
16
20
18
29
23
15
13
24
19
28
19
29
13
22
15
15
27
29
16
23
22
22
28
15
19
20
13
28
29
19
21
18
25
15
17
20
16
19
21
26
19
19
19
7
18
15
21
6
16
19
16
16
27
11
20
22
22
24
16
17
28
24
19
14
19
16
25
23
27
20
12
19
16
22
29
17
19
16
32
15
20
22
23
18
23
26
23
23
8
27
24
22
23
19
16
12
22
19
14
19
15
20
17
17
26
15
18
25
14
20Size
75
77
96
90
82
133
101
102
65
86
99
70
76
87
85
92
60
99
109
88
106
89
78
107
112
75
110
74
110
114
97
105
104
104
99
73
73
96
92
90
105
75
81
76
85
98
94
90
101
76
91
88
116
97
116
117
94
106
94
102
62
99
90
67
77
91
76
105
97
105
77
105
88
96
75
73
93
99
82
97
78
112
88
92
72
86
99
83
74
73
106
82
113
88
83
77
109
117
80
111
92
82
87
45
99
105
87
106
84
109
83
89
88
89
99
67
96
95
103
83
103
91
87
91
78
83
78
74
108
88
82
120
77
109
57
88
59
82
91
104
47
76
112
91
115
98
100
91
89
90
90
86
109
83
134
101
76
102
76
85
99
67
75
103
79
121
46
77
96
96
93
85
111
91
114
88
94
69
57
82
87
57
104
88
70
56
97
63
73
74
102
118
105
80
108
94
65
101
104
85
77
86
76
80
96
114
102
93
99
98
105
45
94
87
75
72
102
114
84
74
83
101
97
107
81
124
101
81
92
92
66
85
76
109
97
72
61
105
115
76
80
86
93
90
56
87
111
115
99
92
111
105
76
96
106
100
59
86
73
66
100
104
104
94
107
91
93
84
78
100
76
96
86
66
114
107
82
107
97
110
97
88
111
84
94
97
93
87
92
99
92
107
78
112
77
94
98
103
82
77
88
83
85
85
98
93
104
64
98
75
86
82
118
88
75
74
76
91
123
58
64
92
106
93
85
77
67
99
122
70
98
95
82
88
56
94
84
115
76
93
101
93
103
94
81
122
94
57
109
86
62
89
89
71
82
94
118
104
65
112
82
103
93
79
88
90
81
95
77
79
83
85
96
93
89
82
107
86
98
100
63
76
100
104
100
88
107
102
104
56
73
105
95
121
101
77
74
81
105
97
76
87
105
78
104
117
106
80
82
66
85
88
88
84
93
75
61
117
80
101
86
77
73
100
81
96
96
98
83
93
79
102
86
106
83
73
87
95
89
87
104
110
98
91
84
108
87
105
77
125
92
75
101
85
97
74
83
70
71
112
88
67
86
112
103
89
103
84
90
81
85
92
91
77
104
97
97
109
78
109
102
85
76
85
96
77
95
81
67
101
87
100
82
88
79
100
85
107
69
83
99
92
83
105
79
74
95
101
73
104
81
96
84
83
99
82
75
103
133
81
84
101
72
72
83
77
116
112
90
91
106
105
86
115
101
60
97
112
110
79
92
92
108
73
75
63
98
98
86
76
92
95
115
87
93
105
104
104
108
56
92
95
52
79
103
95
98
96
102
97
91
74
104
83
71
87
84
62
76
96
78
96
111
66
115
99
93
110
92
52
114
121
82
96
100
51
79
114
68
87
84
86
80
107
105
78
109
75
83
76
85
82
90
79
88
76
71
102
85
86
99
91
120
103
105
95
107
106
104
93
91
106
120
79
87
90
102
86
112
77
84
76
80
85
103
123
101
93
113
106
75
103
124
100
79
79
127
76
90
85
95
95
88
108
87
108
75
68
90
67
116
76
79
55
100
87
65
134
77
108
90
72
82
84
123
79
94
86
97
114
88
89
129
60
86
106
81
66
69
99
108
102
91
69
96
79
57
101
77
114
72
88
103
95
101
53
77
101
98
111
81
94
78
105
68
92
75
102
98
81
82
98
80
84
100
81
79
87
90
67
106
104
94
92
103
96
85
97
77
86
97
42
106
75
78
67
88
114
98
89
97
122
87
106
111
75
86
83
65
108
61
128
105
107
84
92
80
85
95
100
98
99
87
80
76
110
105
109
102
84
94
105
87
97
122
99
114
60
91
93
71
80
94
83
66
69
94
83
67
85
117
116
83
107
116
96
78
94
133
95
68
82
91
115
110
112
77
78
84
90
97
87
113
89
109
107
78
105
80
117
98
77
96
124
80
117
91
87
128
96
101
78
62
82
70
79
79
85
87
109
81
80
82
91
76
66
107
82
88
41
80
105
81
74
59
96
68
85
97
102
80
98
85
98
92
87
102
84
87
99
86
72
76
87
105
87
118
75
101
75
93
105
63
97
93
81
85
83
104
85
78
99
74
101
79
87
82
77
82
93
43
96
83
96
77
70
106
96
99
124
86
117
97
101
106
72
96
72
76
119
97
116
123
100
101
88
99
99
92
118
84
95
75
83
71
70
97
88
70
111
77
71
112
93
108
91
85
82
87
102
70
89
106
82
89
108
94
86
61
72
97
72
84
102
81
85
71
103
116
82
91
95
94
91
99
124
114
90
91
91
30Size
216
192
177
225
228
231
218
207
179
224
224
228
251
205
170
185
189
220
238
211
197
180
227
225
219
240
148
240
196
234
173
208
227
196
190
204
184
257
193
203
214
249
189
210
223
192
201
236
192
157
242
189
178
241
184
187
165
228
239
237
228
213
185
217
212
218
155
231
195
198
191
212
215
183
159
206
226
211
205
204
212
218
242
257
194
234
219
212
229
202
170
200
210
219
208
193
190
174
184
193
219
223
178
222
193
258
211
218
154
184
209
164
258
166
267
245
166
181
213
193
220
219
178
184
217
211
157
177
229
225
238
232
241
207
193
195
232
179
255
196
212
215
234
225
227
193
181
174
130
224
205
200
231
209
158
203
223
233
187
183
190
220
217
235
218
228
195
236
250
177
218
216
247
218
191
204
207
191
202
215
195
198
214
247
233
197
223
178
262
187
215
224
200
187
177
229
190
184
195
237
211
228
187
194
171
239
204
244
213
221
166
214
195
155
219
216
156
236
169
210
223
246
220
164
240
193
168
148
199
186
191
217
217
234
210
230
205
264
234
259
173
204
172
173
243
220
197
245
179
189
161
242
223
229
226
225
207
240
176
232
168
191
262
175
164
257
158
197
166
193
209
191
220
196
180
205
214
178
176
254
200
204
232
160
211
201
251
217
224
220
192
236
235
261
235
241
202
204
235
214
206
211
219
189
196
186
255
200
240
216
164
180
172
217
228
222
219
237
246
236
211
215
236
225
273
198
182
260
217
201
183
261
140
191
224
220
193
187
210
239
172
186
197
206
189
196
269
219
216
172
202
237
205
247
181
248
154
213
233
133
235
200
232
204
241
181
213
224
197
153
269
182
210
179
231
239
208
190
203
167
169
246
209
222
239
225
229
204
204
209
222
194
143
179
191
284
202
224
258
188
163
229
208
212
218
200
230
242
204
230
235
216
219
231
155
228
232
226
179
232
211
235
243
218
262
205
146
169
210
186
227
185
156
246
251
257
213
233
249
229
246
204
204
252
177
201
190
215
190
189
215
220
252
215
202
176
185
211
202
211
212
202
196
182
217
171
225
242
246
191
157
161
223
188
248
235
230
235
205
218
200
176
184
205
259
204
238
221
193
196
218
193
237
225
194
196
246
206
237
176
255
203
209
221
148
207
205
202
247
232
247
194
245
215
223
207
233
219
177
179
175
241
206
221
155
191
177
213
205
186
214
225
169
206
228
234
179
188
202
223
205
203
208
189
179
204
192
249
186
215
190
203
204
170
245
213
177
198
196
188
215
226
210
173
158
163
232
173
259
199
203
208
258
214
218
168
245
188
180
220
220
229
209
201
213
211
211
206
205
216
224
178
187
202
237
229
193
234
233
185
182
200
131
203
181
212
207
198
208
213
215
207
243
228
287
277
177
170
264
154
171
185
246
220
229
229
195
230
222
228
256
249
231
235
208
222
194
212
240
183
248
243
186
189
182
279
251
175
227
177
226
225
185
217
207
226
177
246
249
187
219
215
260
224
213
241
173
244
229
215
202
191
212
231
224
236
249
159
177
168
203
228
194
257
210
230
206
206
254
196
220
226
222
194
218
170
225
190
211
231
244
204
184
164
172
224
239
207
195
176
253
216
186
197
186
178
160
217
231
208
211
265
271
245
234
183
208
231
181
181
174
213
223
226
224
226
169
189
219
206
258
202
178
184
195
217
198
224
226
233
202
204
174
195
210
206
176
210
199
229
221
237
220
194
183
253
216
194
234
161
195
223
232
195
185
237
196
210
193
210
215
245
163
224
217
205
177
229
172
204
248
193
246
213
213
253
202
142
196
256
209
209
216
220
196
175
209
216
163
240
269
221
177
174
230
261
206
219
225
183
185
202
211
215
267
185
223
238
208
234
254
205
180
279
180
206
152
133
166
213
223
222
129
190
226
211
221
172
198
235
225
216
154
209
189
291
234
185
229
221
215
214
178
179
201
245
263
208
202
246
187
199
233
241
221
208
266
211
166
220
228
180
172
209
142
212
180
162
187
258
228
288
225
227
207
163
186
225
258
202
201
229
232
250
200
187
151
192
198
191
235
215
149
207
242
258
213
249
266
188
209
221
186
163
232
228
194
189
186
174
201
219
213
194
192
229
189
184
224
186
196
200
232
228
191
213
209
216
168
265
207
223
211
221
253
231
192
155
200
220
211
183
216
192
270
244
166
217
237
199
230
184
202
232
251
199
232
204
198
227
217
229
234
199
256
204
216
173
217
261
233
258
236
230
221
264
175
228
193
206
40Size
386
356
355
378
330
385
372
332
344
404
383
388
475
393
451
364
295
401
366
423
408
392
381
416
357
381
403
329
341
440
349
330
390
379
384
344
395
338
462
324
387
432
387
440
341
387
440
374
456
436
369
385
353
411
392
318
322
441
388
362
328
459
361
364
303
383
427
426
420
430
399
323
391
419
428
455
384
426
449
311
354
431
404
447
378
428
385
408
313
385
393
375
397
484
389
290
393
318
399
383
424
315
397
274
371
387
409
424
395
384
360
456
433
330
474
447
408
409
402
373
420
355
414
330
435
323
334
370
351
346
342
469
346
385
327
433
446
477
392
449
303
412
312
408
336
447
431
418
393
342
335
347
416
417
386
415
388
312
348
366
299
348
383
449
424
408
349
462
389
376
290
422
393
375
398
295
394
322
383
435
374
349
358
477
294
476
400
368
372
353
417
381
427
303
429
304
365
359
310
420
401
352
382
368
326
330
326
363
431
300
398
416
376
412
384
322
402
479
380
359
387
346
390
378
395
378
391
421
407
385
349
350
434
375
324
394
413
356
355
389
327
390
364
386
387
467
370
468
407
435
380
406
372
311
348
319
312
370
394
371
329
459
340
389
388
359
343
354
439
451
391
403
387
404
301
402
381
363
418
335
470
401
455
344
424
374
413
340
314
374
374
392
454
434
371
390
279
367
356
338
350
395
395
386
337
318
454
396
388
401
305
368
313
443
476
364
321
426
372
506
383
411
402
355
442
400
366
361
379
428
298
377
311
417
337
445
301
405
378
374
440
393
430
386
415
376
370
383
387
384
349
321
361
379
431
350
453
323
320
378
422
430
409
432
360
386
348
247
359
452
480
396
388
441
348
352
314
339
403
340
404
387
411
352
343
353
434
395
375
426
405
364
340
311
371
376
407
352
457
392
361
376
384
421
374
337
364
345
407
405
364
414
420
359
325
427
341
407
276
396
479
416
429
388
417
420
414
447
386
426
326
364
376
426
411
430
359
294
375
344
428
399
396
374
443
315
350
406
309
319
423
408
393
375
325
405
331
315
356
443
360
336
393
343
347
385
395
350
367
337
417
345
398
383
378
495
374
381
354
351
385
440
418
363
362
335
310
357
454
384
405
423
422
405
387
325
383
407
367
382
375
390
354
410
404
345
367
330
373
443
382
368
432
329
344
401
405
385
359
366
403
419
403
380
378
358
410
351
405
416
365
348
441
331
402
305
405
319
369
317
355
465
434
370
361
399
388
329
373
344
367
405
393
386
437
489
379
370
440
363
398
387
377
350
315
397
402
314
357
377
359
425
423
381
436
397
325
449
312
320
355
319
406
356
373
331
254
358
311
422
405
265
373
396
382
431
331
317
426
373
364
381
350
368
374
396
266
338
300
359
403
352
414
355
286
456
351
405
390
349
381
394
312
372
372
385
339
371
454
390
311
421
342
379
416
474
381
351
455
360
428
391
374
418
412
344
348
397
405
312
389
414
391
413
384
414
298
362
404
405
468
412
333
390
358
354
423
298
369
368
357
424
403
446
377
404
398
381
296
376
355
318
408
345
385
350
367
403
371
398
450
365
469
414
378
377
459
327
402
410
390
394
358
323
346
396
344
389
321
374
470
287
362
381
378
434
382
340
458
318
330
436
435
251
392
436
414
405
340
390
466
432
406
372
423
417
357
351
434
440
414
290
406
329
349
372
388
415
295
319
400
393
384
346
399
382
387
387
338
388
417
361
340
467
326
393
402
391
400
413
400
425
352
365
403
353
312
460
378
430
367
432
399
328
454
354
400
367
422
416
342
396
323
404
409
415
315
330
394
394
355
338
336
373
418
365
335
372
418
355
310
432
376
406
347
442
367
466
330
451
302
394
320
327
380
419
349
317
400
376
409
340
400
382
404
360
364
320
425
383
376
327
320
378
391
401
437
482
345
329
492
429
363
408
366
451
241
389
365
385
323
373
323
435
370
432
384
426
348
401
399
371
425
379
358
381
327
413
407
420
319
371
318
331
351
442
438
414
399
384
318
377
405
357
442
326
389
422
325
378
396
386
387
335
327
331
415
357
363
430
328
435
420
421
406
349
304
370
309
325
421
379
315
325
400
403
448
294
369
317
388
428
404
501
371
333
325
363
340
353
376
431
387
371
365
361
334
297
349
339
343
360
399
344
336
438
375
308
319
434
360
495
430
427
389
331
428
439
382
394
417
398
414
425
380
458
322
400
312
307
433
350
407
352
401
369
341
442
389
356
349
327
404
363
441
477
372
368
422
397
50Size
703
494
515
607
581
569
681
625
542
648
529
643
620
610
602
586
609
507
529
596
687
616
553
662
575
521
692
600
602
638
512
491
574
626
705
548
651
679
592
600
532
634
535
642
624
543
605
552
582
545
629
562
549
638
496
611
718
558
590
553
555
537
678
685
511
541
683
560
601
626
621
532
636
637
535
577
556
507
556
555
598
603
577
666
517
569
564
609
625
590
613
482
639
563
622
628
691
560
541
675
595
521
645
550
551
627
535
533
463
587
611
642
672
538
614
553
602
612
513
610
597
696
548
528
536
527
627
585
514
602
632
617
623
606
651
737
707
708
582
450
551
557
655
715
577
524
573
599
685
628
502
691
658
623
567
476
643
709
573
527
602
551
630
584
648
548
611
561
578
531
571
542
709
634
565
635
619
631
661
633
637
675
622
593
584
580
584
599
588
694
710
669
656
601
605
550
551
571
648
500
612
549
614
511
708
573
665
606
536
643
531
591
733
555
599
510
553
505
524
594
569
560
606
597
577
556
678
574
634
642
671
652
675
660
634
475
573
638
610
617
529
569
543
599
631
693
726
653
637
705
630
609
637
587
742
679
634
652
627
479
660
703
626
580
638
615
636
657
573
558
648
643
496
511
505
714
622
636
732
550
644
591
609
669
575
576
617
651
654
591
754
543
657
527
649
611
616
633
654
635
575
568
564
532
710
481
550
640
458
506
522
539
578
590
557
619
602
507
561
580
663
638
645
652
533
653
502
638
609
581
594
644
611
681
659
611
558
532
609
627
592
613
619
660
677
597
595
622
773
609
652
675
577
598
661
598
592
634
571
617
650
487
605
578
527
767
521
583
668
582
556
496
531
534
500
642
615
512
577
556
558
551
696
737
579
621
638
707
569
644
555
536
570
623
670
590
549
642
616
662
554
572
528
670
644
585
651
485
661
555
566
603
597
564
672
597
667
655
618
640
579
678
580
553
624
618
542
635
563
558
442
619
626
661
560
554
625
519
557
592
651
615
620
492
557
633
647
573
570
543
576
634
699
545
733
557
631
634
612
631
587
541
637
516
588
691
542
595
614
645
561
678
627
633
560
600
719
614
636
462
509
571
637
616
559
546
539
685
596
658
610
560
629
624
539
728
746
576
717
604
709
601
611
650
559
574
577
631
551
499
565
553
673
595
597
510
633
557
559
619
636
571
502
556
640
540
694
561
508
527
594
591
587
561
477
568
579
560
660
633
469
682
635
487
647
608
712
615
483
626
492
582
645
582
655
604
699
618
501
576
634
639
622
635
525
601
639
585
612
511
511
673
545
567
619
677
484
597
546
649
615
670
587
608
652
674
622
495
721
620
594
589
619
402
595
637
575
603
598
596
544
661
531
672
602
596
619
638
575
562
641
546
587
558
717
679
533
615
568
569
561
572
597
557
628
544
665
590
607
574
653
427
609
647
579
633
628
505
599
528
605
616
591
496
491
623
611
551
700
546
514
613
630
626
657
572
601
627
547
498
443
678
565
546
588
658
618
609
600
557
616
608
551
564
578
587
620
627
657
651
577
570
568
589
720
646
578
612
475
620
585
568
542
782
655
656
601
680
489
538
522
586
600
611
533
661
655
642
518
598
572
639
612
591
581
578
567
484
566
595
655
691
594
593
627
632
588
633
582
586
587
566
661
605
680
623
583
667
631
598
608
619
617
538
729
550
592
635
577
589
492
638
685
670
649
673
673
536
607
629
581
723
652
548
640
569
504
664
552
590
458
600
595
662
491
474
659
622
585
598
636
609
633
528
609
524
583
589
591
598
638
668
650
612
546
597
658
535
589
616
659
622
636
663
546
559
544
657
581
580
670
672
540
590
662
626
564
622
524
526
570
622
535
516
591
593
680
574
473
706
547
622
562
539
537
534
616
569
566
539
527
497
670
532
606
622
621
604
596
618
547
615
527
628
659
690
619
505
524
645
572
620
558
541
631
596
606
623
650
657
571
634
478
523
549
505
630
646
561
647
564
609
486
540
659
577
667
527
656
634
687
573
588
581
589
632
668
571
547
557
635
589
646
483
558
608
566
583
572
577
606
629
635
642
595
511
654
533
635
659
629
697
537
630
583
507
658
493
656
491
571
635
586
690
523
601
620
634
559
553
660
621
663
522
567
618
679
433
594
563
605
624
629
628
508
609
481
545
551
561
617
650
579
520
616
573
684
635
587
576
564
610
542
576
653
628
655
639
520
639
616
535
569
587
605
571
623
603
510
643
570
539
601
563
608
658
596
631
506
626
60Size
985
979
792
832
725
942
723
974
909
918
799
768
970
956
912
867
985
805
823
929
880
860
814
1016
815
820
923
849
720
975
818
886
873
1004
797
972
838
883
845
799
968
828
878
725
782
1023
972
877
936
1004
843
973
865
724
957
725
992
829
842
832
887
907
759
884
985
922
859
852
913
961
776
974
875
961
851
792
846
935
825
853
819
818
903
1077
836
947
868
868
932
857
780
867
903
805
799
785
922
690
833
836
831
854
1011
853
810
877
925
880
819
829
958
834
904
764
908
799
863
907
936
875
807
939
848
821
910
820
836
940
789
832
895
711
766
888
917
903
950
1001
1028
807
973
887
988
866
734
902
822
1005
814
922
813
759
817
925
921
859
880
684
949
1037
1010
974
912
760
735
871
866
934
754
1001
886
866
928
851
916
783
937
966
629
918
958
828
869
841
846
956
854
959
836
865
729
733
898
828
914
995
845
959
961
939
946
929
732
743
790
914
850
944
716
851
882
851
870
832
651
821
842
993
751
957
889
900
981
756
833
935
814
822
795
885
897
858
844
824
974
897
990
759
723
944
1053
874
907
876
829
874
800
768
914
833
892
887
839
959
926
822
869
800
845
710
1009
840
962
865
781
962
834
872
863
887
883
828
847
966
845
838
982
1082
837
763
812
888
949
881
904
959
848
828
934
796
793
884
845
953
776
982
1005
849
924
872
912
850
914
780
882
1023
998
992
916
1000
909
786
759
737
817
889
946
895
767
850
776
860
741
921
891
878
804
836
777
882
978
809
777
877
869
870
918
990
837
991
887
850
1006
890
958
807
874
935
1022
767
924
881
839
870
836
872
1045
831
765
925
937
841
939
948
909
804
940
867
883
716
891
858
782
777
905
934
813
997
811
714
885
898
924
802
666
930
854
857
820
857
939
817
878
788
918
815
884
871
935
905
720
827
719
929
863
923
885
828
785
830
858
1014
905
763
816
859
1024
885
785
841
971
989
691
779
912
789
743
944
818
855
944
847
1042
852
886
820
971
1013
818
880
880
891
836
745
939
820
769
879
906
668
854
875
825
771
977
877
859
821
825
925
893
867
767
866
1065
831
972
942
839
797
850
883
843
691
852
915
937
1026
1017
937
951
929
846
826
800
1022
759
911
957
814
867
720
890
881
957
826
926
896
919
837
843
974
767
754
972
913
864
814
848
829
812
807
856
886
1045
940
934
796
869
852
846
895
923
854
765
859
1007
843
832
888
976
982
904
761
777
828
799
885
857
655
809
805
729
926
935
932
723
866
927
711
922
989
848
876
895
814
845
812
880
972
894
982
820
917
890
976
787
963
810
802
824
925
844
903
873
758
982
741
909
844
991
838
775
751
764
960
900
943
921
884
953
813
960
955
862
847
955
867
989
717
857
865
893
961
746
889
959
955
597
844
745
805
848
945
830
752
952
894
948
1006
862
922
848
1016
874
1048
931
841
822
917
810
833
736
855
720
887
989
915
835
772
995
1002
727
936
898
958
938
781
827
886
857
767
891
905
879
869
798
1015
981
953
1043
828
906
804
772
933
768
791
971
739
881
992
841
796
713
878
990
782
941
838
670
849
922
959
851
948
871
1096
898
902
1027
823
963
977
761
812
853
804
792
893
881
1002
1005
838
937
824
837
810
901
899
874
898
823
926
908
868
788
852
679
866
866
735
866
878
943
1081
846
936
904
901
780
681
856
982
883
911
950
816
982
661
971
870
709
964
850
933
749
907
874
813
806
792
825
875
788
898
943
892
897
918
903
859
904
790
832
795
859
802
719
804
891
902
784
834
744
869
866
893
807
868
928
857
861
829
925
826
853
921
754
1019
824
884
853
953
785
846
839
911
1042
983
922
719
924
937
809
925
807
1011
811
954
838
922
834
1006
722
868
873
1028
892
804
1026
887
851
830
803
827
918
822
813
842
896
649
892
758
899
875
792
846
851
888
838
933
823
909
841
880
1066
838
908
975
884
931
802
889
837
1066
967
906
909
924
895
825
944
808
837
843
963
885
942
813
863
952
895
900
804
798
760
866
663
758
847
850
848
823
821
965
817
998
760
822
785
891
909
912
928
849
640
766
794
847
821
851
848
735
837
888
744
874
940
754
680
853
792
833
769
1035
938
911
846
966
789
810
930
805
731
970
928
843
721
930
827
891
824
1058
879
868
950
893
826
822
917
863
870
861
862
883
880
748
867
837
952
921
897
752
876
757
960
804
919
998
896
789
966
962
912
843
932
837
1042
861
839
854
803
800
995
687
883
781
766
780
898
760
885
809
966
778
917
759
937
843
770
895
731
827
814
868
828
813
829
861
70Size
1109
1246
1208
1095
1054
1365
1146
1103
1189
1108
1094
1189
1220
1041
1237
1356
1246
1265
1122
1142
1169
1194
1100
1274
1162
1305
1119
1131
1435
1102
1266
1123
1299
1340
1459
1061
1248
1270
1181
1410
1244
957
1279
1168
1190
1257
1130
1082
1244
1207
1119
1313
1369
1245
1264
1153
1095
1207
1137
1287
1366
1084
1346
1186
1395
1247
1118
1137
1329
1176
966
1192
1219
1095
1216
1216
1236
1333
1328
1058
1127
1322
1108
1137
1220
1247
1135
1242
1113
1108
1081
1241
1329
1302
1192
1099
1243
984
1240
1285
1152
1182
1257
1381
1222
1385
1240
1299
1106
1262
1244
910
1103
1241
1188
1041
1221
1137
967
1004
1160
1214
1172
1187
1237
1218
1238
1323
1092
1101
1051
1261
1325
1062
1363
1178
1094
1174
1218
1308
1302
1349
1255
1048
1269
1215
1246
1018
1128
1132
1102
1307
1100
1166
1244
1381
1174
982
1297
1102
1076
1102
1145
1281
1105
1143
985
1136
1052
1084
1203
1332
1219
1149
1290
1421
1118
1249
1165
1115
1102
1166
1148
1201
1162
1213
1184
1294
1141
1124
1298
1375
1343
1108
1055
1186
1281
1207
1274
1198
1299
1080
1294
1136
1288
1074
1172
1101
1325
1215
1263
1228
1334
1118
1158
1304
1176
1091
1289
1250
1223
1177
1252
1158
1279
1285
1322
1169
1227
1280
1066
1193
1223
1211
1258
1147
1136
1338
1176
1215
1351
1218
1312
1077
1170
1272
1070
1380
1186
1080
1112
1073
1042
1146
1222
1159
1262
1158
1257
1175
1221
1160
1278
1228
1254
1305
1155
1122
1025
1196
1132
1336
1242
1044
1190
1139
1218
1144
1223
1090
966
1008
1222
1092
1183
1269
1290
968
1197
1169
981
1207
1135
1238
1063
972
1100
1184
1424
1201
1235
1279
1361
1099
1223
1047
1144
1110
1175
1150
1119
1097
1201
1187
1290
1163
1181
1280
1166
1257
1149
1071
1211
1145
1310
1360
1175
1386
1051
1249
1034
1185
1275
1094
1133
1176
1125
1224
1240
1306
1132
1245
1263
1067
1225
1275
1456
1183
1110
1153
1340
1182
1124
1123
1156
1133
932
1293
1090
1136
1077
1124
1037
1215
1362
1445
1160
1011
1057
1000
1087
1225
1252
1223
1132
1328
1171
1154
1143
1135
1269
1124
1114
1206
1091
1301
1290
1144
1198
1105
1181
1267
1330
1158
967
1129
1372
1267
1270
1322
1213
1311
1169
1222
1159
1258
1149
1346
1222
1100
1154
1300
1317
1244
1220
1340
1224
1103
1225
1290
1305
1384
996
1076
1165
1174
1269
1242
1218
1253
1173
1272
993
1199
1149
1210
1216
1083
1201
1271
1046
1170
1259
1124
1145
1405
1173
1081
1287
1239
1160
1123
1272
1140
1192
1235
1042
1099
1308
1141
1115
1108
1133
1052
1174
1159
1069
1120
1168
1170
1128
1288
1088
1160
1184
1209
1160
1244
1265
1131
1246
1330
1119
1166
1059
1271
1153
1102
1173
1119
1217
1352
1244
1224
1285
1128
1152
1167
1154
1190
1136
1364
1301
1351
1274
1137
1280
1201
1121
1192
1163
1302
1090
1032
1356
1234
1238
1145
1264
1097
1340
1058
1229
1170
1267
1133
1119
1101
1220
1334
1105
1136
1098
1191
1226
1179
1187
1036
1225
1043
1120
1261
1253
1043
1151
1097
1168
1308
1137
1181
1275
1092
1206
1315
1251
1193
1168
1139
1038
1232
1120
1424
1129
1177
1042
1132
1247
1097
1197
1145
1210
1196
1138
1236
1369
1071
1154
1212
1152
1253
1270
1054
1158
1277
1141
1293
1223
1274
1208
1275
1157
1158
1306
1303
1103
1207
1117
1286
1344
1138
884
1265
1299
1210
1211
1210
1276
1193
1309
1180
1035
1125
1284
1275
1264
1136
1225
1192
1183
1149
1333
1207
1262
1169
990
1156
1150
1014
1226
1221
1138
997
1152
1093
1108
1156
1282
1201
1272
1399
1098
1205
1319
1271
1307
1318
1080
1108
1280
1335
1192
1103
961
1181
1190
1114
1153
1231
1217
1210
1349
1107
1202
1311
1044
1137
1215
1257
1251
1174
1125
1175
1167
1131
1219
1124
1143
1187
1080
1151
919
1277
1242
1163
1145
1140
1167
1190
1133
1199
1220
1281
1222
1079
1205
1176
1356
1254
1265
1358
1131
1083
1082
973
1231
1267
1302
1102
1178
1379
1139
1171
1193
1187
1141
1068
1296
1272
1156
1121
1105
1221
1183
1226
1220
1268
1308
1110
1107
1110
1191
1455
1179
1234
1383
1272
1156
1289
1158
1056
1161
1263
1142
1201
1282
1290
1309
1100
1243
1161
926
1178
1205
1255
1277
1242
1328
1400
1333
1263
1118
1033
1264
1303
1149
1437
1016
1220
1439
1155
1020
1268
1253
1362
1257
1352
1229
1118
1036
1021
1323
1270
1213
1169
1195
1335
1174
1084
1215
1290
1030
1207
1060
1172
1243
1201
1239
1073
1173
1329
1049
1128
1147
1338
1205
1163
1189
1173
1231
1220
1139
1224
1159
1237
1233
1217
1266
990
1220
1209
1262
1188
1150
1182
1317
1003
1180
1291
1126
1254
1214
1325
1173
1127
1082
1217
1099
1583
1125
1052
1147
1238
1055
1342
1206
1118
1095
1204
1269
1264
1247
1114
1316
1140
1345
1137
1330
1559
1105
1183
1166
1236
1020
1204
1485
1280
1313
1268
1227
1243
1077
1096
1143
1223
1289
1129
1187
1016
1327
1275
1278
1006
1201
1220
1163
1318
1148
1139
1086
1148
1089
1197
1026
1019
1256
1068
1261
1215
1159
1262
1043
970
1196
1346
1311
1054
1190
1069
1107
1182
1136
1003
1209
1271
1261
1195
1110
1170
1127
1336
1349
1213
1196
995
948
1083
1274
1361
1159
904
960
1237
1216
1173
1213
1325
1156
1250
1182
1264
1266
1246
1379
1145
1368
1275
1200
1329
1106
1236
1126
1053
1135
1148
1088
1019
1239
1288
1346
1295
1306
1267
1309
1013
1448
1265
1252
1249
1275
1111
1285
950
1134
1196
1264
1560
1171
1308
1087
1249
1403
1116
1260
1228
1217
1165
1131
1151
1166
1125
1245
1228
1207
1199
1252
1215
1080
1125
1119
1153
80Size
1440
1595
1484
1588
1580
1635
1659
1502
1667
1667
1665
1579
1492
1673
1490
1623
1733
1312
1668
1507
1364
1397
1534
1829
1420
1564
1455
1511
1512
1612
1425
1782
1461
1409
1785
1474
1357
1714
1502
1595
1558
1578
1662
1784
1336
1730
1322
1719
1448
1566
1674
1512
1385
1535
1751
1719
1510
1834
1837
1466
1748
1453
1549
1737
1365
1685
1648
1378
1368
1572
1523
1624
1552
1489
1428
1538
1505
1475
1503
1489
1396
1536
1444
1532
1496
1476
1728
1489
1611
1553
1294
1583
1565
1404
1624
1575
1631
1705
1540
1713
1513
1545
1494
1496
1470
1358
1805
1533
1579
1603
1524
1425
1611
1594
1646
1681
1687
1535
1593
1615
1580
1439
1667
1534
1556
1398
1717
1554
1432
1596
1499
1382
1561
1490
1614
1650
1430
1493
1568
1496
1698
1391
1630
1705
1495
1578
1490
1552
1640
1491
1410
1716
1710
1536
1563
1725
1618
1442
1464
1627
1459
1560
1512
1615
1807
1483
1681
1488
1727
1502
1655
1380
1491
1631
1587
1631
1512
1561
1617
1566
1604
1769
1577
1438
1555
1588
1475
1705
1477
1528
1525
1603
1356
1724
1696
1619
1619
1371
1462
1691
1538
1735
1575
1528
1517
1400
1585
1427
1411
1357
1764
1319
1375
1493
1640
1537
1668
1564
1340
1549
1594
1892
1255
1552
1541
1737
1447
1596
1492
1567
1446
1653
1518
1434
1573
1617
1531
1545
1386
1705
1481
1793
1545
1448
1553
1746
1412
1779
1668
1691
1466
1549
1679
1663
1515
1351
1423
1360
1478
1691
1588
1588
1500
1827
1382
1531
1806
1420
1618
1501
1452
1418
1576
1715
1516
1304
1685
1687
1438
1810
1476
1841
1272
1634
1685
1490
1585
1331
1510
1647
1443
1326
1500
1588
1662
1540
1644
1789
1445
1469
1421
1551
1616
1572
1762
1652
1634
1520
1479
1439
1526
1516
1490
1497
1498
1575
1510
1624
1546
1533
1979
1630
1692
1455
1546
1541
1520
1701
1669
1764
1287
1679
1617
1449
1605
1509
1663
1396
1543
1450
1513
1441
1484
1477
1652
1472
1472
1527
1538
1510
1601
1604
1423
1657
1295
1564
1770
1373
1697
1605
1449
1578
1508
1595
1574
1537
1551
1565
1604
1594
1423
1490
1590
1803
1457
1764
1714
1591
1560
1854
1595
1499
1581
1594
1359
1515
1554
1400
1507
1659
1767
1364
1532
1482
1600
1545
1566
1393
1514
1349
1579
1708
1454
1535
1542
1384
1598
1410
1390
1604
1335
1598
1459
1560
1324
1571
1557
1621
1623
1754
1457
1554
1436
1664
1481
1525
1384
1482
1722
1254
1459
1487
1538
1442
1589
1711
1503
1480
1563
1566
1888
1819
1771
1769
1820
1670
1585
1492
1604
1474
1545
1830
1435
1772
1750
1551
1633
1601
1489
1515
1481
1394
1662
1532
1435
1566
1600
1482
1385
1665
1591
1704
1497
1649
1539
1637
1434
1539
1630
1645
1461
1413
1570
1643
1574
1546
1417
1206
1481
1741
1588
1635
1645
1466
1554
1550
1650
1657
1407
1741
1341
1657
1425
1607
1516
1590
1601
1474
1546
1365
1490
1681
1465
1345
1280
1691
1538
1579
1596
1805
1558
1336
1729
1534
1573
1595
1487
1456
1681
1506
1572
1606
1538
1524
1615
1500
1519
1499
1372
1511
1451
1532
1627
1596
1447
1777
1462
1647
1619
1628
1643
1703
1393
1585
1642
1551
1615
1561
1618
1491
1493
1627
1758
1426
1663
1549
1577
1529
1687
1497
1521
1628
1547
1404
1638
1636
1606
1348
1520
1583
1699
1268
1366
1805
1678
1566
1682
1474
1729
1584
1607
1652
1661
1508
1621
1582
1582
1636
1498
1527
1598
1576
1460
1618
1563
1782
1574
1513
1480
1286
1593
1744
1429
1673
1748
1538
1591
1640
1311
1618
1554
1601
1467
1514
1756
1629
1525
1672
1662
1454
1633
1684
1491
1362
1403
1479
1799
1519
1426
1819
1466
1730
1516
1607
1733
1708
1478
1499
1482
1382
1893
1694
1522
1483
1510
1581
1702
1604
1626
1738
1424
1701
1496
1466
1384
1493
1401
1908
1692
1441
1815
1350
1595
1443
1764
1529
1598
1769
1579
1480
1560
1635
1594
1599
1646
1583
1820
1651
1536
1551
1484
1597
1507
1639
1508
1524
1593
1702
1364
1390
1472
1418
1714
1654
1778
1456
1630
1339
1626
1513
1516
1465
1587
1518
1401
1740
1407
1515
1693
1467
1688
1737
1563
1397
1467
1465
1492
1377
1486
1500
1481
1704
1458
1604
1598
1447
1826
1511
1574
1611
1271
1619
1662
1402
1801
1589
1684
1303
1450
1692
1543
1590
1578
1422
1686
1456
1477
1587
1764
1593
1522
1375
1609
1624
1532
1414
1754
1588
1709
1490
1641
1441
1469
1565
1579
1573
1268
1478
1675
1596
1587
1560
1623
1587
1501
1701
1455
1499
1504
1343
1609
1462
1656
1639
1390
1292
1380
1503
1490
1518
1351
1571
1637
1485
1696
1550
1718
1746
1456
1518
1492
1495
1542
1503
1357
1218
1557
1542
1531
1638
1690
1624
1474
1340
1649
1478
1592
1717
1406
1629
1527
1556
1426
1750
1354
1367
1428
1539
1467
1629
1530
1486
1620
1514
1675
1676
1830
1823
1477
1592
1478
1677
1584
1703
1682
1566
1716
1570
1607
1516
1556
1377
1624
1546
1560
1522
1420
1578
1589
1577
1490
1881
1643
1498
1743
1501
1659
1464
1452
1612
1608
1556
1590
1606
1708
1699
1554
1868
1423
1408
1678
1611
1450
1606
1521
1424
1463
1621
1530
1477
1756
1476
1765
1670
1664
1483
1427
1261
1592
1484
1586
1659
1659
1606
1424
1840
1671
1492
1377
1550
1568
1400
1525
1682
1570
1584
1628
1723
1439
1649
1446
1621
1576
1395
1376
1435
1519
1731
1548
1581
1411
1668
1624
1317
1601
1590
1720
1473
1605
1408
1611
1677
1524
1508
1477
1714
1725
1537
1489
1541
1315
1421
1609
1298
1483
1518
1403
1658
1525
1643
1612
1592
1747
1397
1575
1661
1599
1670
1511
1470
1727
1479
1540
1616
1677
1467
1571
1762
1586
1734
1721
1737
1642
1565
1406
1597
1661
1401
1518
1605
90Size
2059
2000
2052
1942
2024
1849
2200
1753
2000
2071
2131
1747
2043
1863
1912
2090
1759
2005
2159
1857
1875
1935
2020
1967
2116
1859
2316
2116
1695
2034
2043
1786
2094
2131
1858
2325
2013
2260
1894
1807
2001
1979
2118
2145
1809
1932
1958
2024
1940
1886
2110
2049
1848
2129
1910
1827
2025
2089
2087
1986
2111
2064
1874
1697
1837
2074
2105
1929
1844
1934
2146
2200
2071
1726
1844
1836
1702
1849
1974
2035
1906
2196
2058
1971
2006
2095
2010
2093
2059
1883
1888
1856
1983
2009
1793
1886
1958
1887
1998
2238
1955
2088
2045
1753
2004
1845
2015
1910
1983
2247
1877
1978
1843
1937
2005
1956
2101
2168
2219
1980
1769
2141
1937
1990
1881
2158
2170
1925
1813
2042
2007
1948
1913
1989
1945
1982
1996
2068
1935
1850
1922
1921
1689
2184
2161
2057
2129
2009
2021
2027
1910
1896
2034
2021
1899
2254
1948
2020
2057
1997
1900
2062
1930
1800
1984
1906
2246
2179
1812
2214
1823
1691
2090
2011
1899
2107
2174
2066
1760
1978
1776
2054
2024
1929
1884
2090
1989
1777
2014
1793
1969
1895
1845
2105
2011
1704
2068
1894
2126
2151
1953
1868
1906
2062
1769
2016
1852
2026
1974
2060
2106
2024
2025
2127
2065
2141
2057
1982
1843
2230
2067
1958
1839
1922
2057
2053
2082
1874
1917
1603
1760
1989
2167
2169
1940
1917
2149
2016
1776
1866
1788
1977
1850
2083
1957
2012
1916
2136
1897
2150
1970
1936
2272
2170
2071
1806
1890
1904
1956
1797
2004
1889
2187
1990
1733
2210
2006
1918
1914
1893
1801
1886
1708
1904
2019
1908
1917
2259
1923
2078
1924
1849
2199
1953
1948
2197
2184
1978
2101
2275
1963
1920
2127
1771
2017
1930
1900
1686
2229
2042
1965
1817
2045
1867
1934
2033
1849
1988
1818
1821
1967
1682
1778
2021
2143
1766
2096
1963
1903
2182
2023
2130
1851
2126
1840
2013
1597
2026
2063
2121
2037
2163
1939
2111
1967
2074
2055
1513
1762
2027
1992
2115
1792
2364
1981
2185
2015
1797
1747
2162
1952
1938
1977
2064
2283
1624
1706
1980
2016
1918
1909
1896
1997
1875
1864
1810
1927
2007
1929
2158
1805
2072
2131
2026
1914
1696
2115
1813
2165
1955
1906
1781
1947
1811
1954
1974
1988
1607
2065
2169
1907
2133
2048
1985
2020
2184
2158
1936
2125
2075
1989
2022
1989
2053
2250
1756
2145
2161
2009
2020
1907
2255
1933
1941
2002
1973
1998
1948
1703
1889
2192
2034
1881
2033
1875
1983
1951
1904
1873
1642
1841
2083
1714
2073
1657
1993
1908
1824
2242
1976
1952
1960
1865
2123
2097
1855
1947
2100
2083
1992
1956
2092
2126
1865
1948
2031
1940
1710
2108
2065
1972
2190
2003
1998
2136
1996
2004
1955
2220
2142
1969
2091
1873
2165
1930
2051
2344
2205
1897
2027
1938
1927
2088
2091
1888
1858
1947
2091
2054
1892
2191
1809
2067
2033
2042
2049
1885
2046
1763
2125
1687
1986
1963
1937
2235
2097
2207
1748
1731
1952
2238
2144
2045
1831
2005
1868
1814
1980
2191
1972
2235
2165
2117
1856
1802
2060
2017
1962
2183
2301
2039
1883
1897
1710
1893
2265
1969
2170
1765
1827
1831
1967
1760
1981
1975
2321
2091
2039
2060
1756
1886
2270
2031
1812
2054
2131
1937
1707
2275
1970
1949
2111
1867
1896
1932
2178
1860
1725
2001
1968
2212
1957
2056
2025
1915
1897
2151
2050
1782
1942
1814
2041
1934
2165
1999
1805
1813
1992
1814
1933
1988
1960
1876
2120
2102
2111
1881
1943
2203
2058
1762
2076
1841
2044
2017
1900
2055
1735
2084
2168
2079
1904
1676
2037
1838
1922
1717
2110
2290
2081
1966
1998
2225
2153
1846
2068
1942
1747
2036
2009
1853
2062
2141
1785
2029
1766
1925
2066
2008
1840
2094
2099
1852
1959
2071
2040
1966
2044
1987
2026
1834
1800
2061
2008
2080
2034
2012
1832
1838
2132
2252
2097
1978
2073
1886
2010
1820
1792
1987
1835
1822
2032
2195
1591
1943
2022
1816
2174
1887
2187
2001
1732
1989
1911
1898
2147
2012
1951
1727
1982
2012
1918
1945
2180
2090
2010
1968
2196
1890
1955
1992
1758
1990
2070
2126
2108
1896
1840
2229
1916
1962
2097
1699
2178
1804
1894
1777
2173
2134
1804
1763
2068
1890
2097
1984
1936
1976
1883
2072
1807
1938
1850
2210
2165
2067
1935
2005
2174
2110
1718
1983
1891
2076
1973
1874
2088
1932
1916
2028
2068
2083
2232
1891
1913
2173
1981
1854
1874
2222
2176
1768
2058
1634
2020
1935
1834
1804
2114
2089
1757
1948
2033
2004
2129
2214
1850
2161
2025
2072
2018
1801
1866
1976
1785
1718
1912
2003
2021
1799
2048
1824
2157
2079
1837
2161
1936
1959
2380
1914
1965
1638
2190
2129
2086
2189
2325
1888
1909
1770
2045
2036
2056
2137
2139
1893
1916
1694
1922
1806
2057
1788
2085
2032
1800
2103
1891
1721
2045
1874
1922
1971
1821
2127
1982
2289
1921
2073
1954
2077
2038
1936
1990
2169
1799
1854
2128
1895
2221
2001
1838
1985
1886
2084
1897
1869
2112
2028
1756
1877
2090
1915
2006
2103
1964
1980
2064
1924
1908
1844
1853
1950
1926
1935
1810
1975
1978
2079
1893
1899
1916
2427
2244
1815
2075
2038
2010
1848
1945
2003
1927
2088
2102
1909
1469
2117
1998
2139
1664
1959
2252
2105
1790
1963
1858
1872
2196
1873
1808
2037
2098
2077
1812
1833
1949
2068
2028
1831
1984
1974
1759
1940
1977
1891
2239
2147
1952
1885
1913
1941
1811
1964
2040
2240
1953
2030
2220
2195
1979
1926
1778
1728
2142
1833
1975
1919
2200
1928
1982
1679
2032
2215
1999
2177
1927
1767
2076
1996
1830
2104
1886
2057
1920
1747
2018
1755
2045
2062
2062
1646
2006
1807
2058
2051
1924
2076
1898
2042
2118
1987
2016
1856
1960
1876
1664
2161
1845
2041
1917
1983
1870
1846
2093
2016
1903
2091
2057
1905
2158
1789
1933
100Size
2645
2217
2368
2409
2559
2322
2604
2755
2632
2418
2660
2219
2204
2577
2440
2415
2518
2157
2583
2566
2508
2389
2482
2409
2719
2330
2290
2190
2306
2387
2531
2360
2557
2698
2232
2622
2180
2606
2717
2617
2255
2368
2548
2832
1971
2560
2465
2394
2392
2481
2656
2440
2442
2617
2329
2283
2624
2489
2276
2505
2277
2587
2347
2501
2718
2611
2439
2238
2410
2671
2856
2744
2485
2351
2578
2368
2195
2659
2435
2470
2248
2549
2154
2294
2567
2548
2511
2541
2446
2257
2648
2268
2661
2426
2481
2611
2328
2291
2932
2409
2210
2579
2569
2396
2512
2620
2617
2501
2434
2151
2281
2421
2624
2345
2257
2088
2424
2299
2238
2497
2559
2446
2413
2518
2851
2381
2315
2589
2644
2457
2523
2527
2543
2304
2367
2376
2397
2379
2587
2539
2598
2334
2211
2421
2700
2579
2455
2337
2621
2227
2310
2491
2373
2313
2308
2272
2217
2617
2514
2543
2364
2126
2327
2458
2477
2656
2159
2535
2510
2575
2291
2259
2840
2376
2242
2131
2134
2214
2355
2429
2295
2442
2587
2478
2494
2452
2313
2742
2599
2571
2725
2435
2526
2607
2563
2497
2349
2480
2554
2587
2546
2412
2366
2507
2665
2783
2592
2089
2573
2397
2483
2617
2229
2637
2389
2394
2646
2515
2516
2441
2757
2350
2726
2149
2221
2543
2414
2476
2645
2369
2544
2910
2381
2511
2400
2677
2609
2466
2344
2391
2441
2453
2289
2326
2361
2418
2321
2583
2575
2718
2361
2485
2330
2457
2519
2596
2317
2448
2613
2564
2386
2622
2632
2197
2367
2492
2789
2658
2523
2321
2403
2261
2314
2373
2794
2609
2374
2461
2430
2208
2343
2403
2427
2368
2439
2508
2768
2431
2632
2696
2337
2261
2500
2388
2560
2573
2394
2487
2408
2490
2534
2260
2461
2386
2511
2382
2553
2693
2384
2409
2215
2202
2718
2611
2366
2621
2307
2437
2552
2433
2585
2608
2470
2407
2530
2323
2504
2397
2405
2185
2305
2322
2486
2386
2694
2316
2561
2459
2457
2533
2266
2380
2371
2394
2837
2360
2764
2351
2487
2535
2309
2324
2198
2464
2195
2575
2606
2678
2449
2374
2833
2444
2672
2383
2657
2456
2307
2504
2197
2612
2624
2627
2329
2294
2529
2751
2633
2651
2366
2648
2568
2355
2323
2253
2352
2146
2065
2291
2513
2423
2608
2560
2530
2232
2468
2323
2524
2130
2776
2389
2424
2369
2421
2594
2394
2511
2406
2051
2616
2379
2338
2423
2920
2386
2564
2436
2735
2446
2746
2559
2505
2413
2629
2345
2617
2274
2402
2857
2389
2426
2675
2571
2630
2263
2497
2621
2764
2392
2486
2440
2355
2411
2709
2443
2431
2486
2619
2733
2681
2395
2187
2205
2544
2485
2735
2369
2092
2468
2117
2445
2199
2487
2531
2407
2288
2378
2422
2519
2361
2306
2387
2181
2485
2674
2648
1904
2276
2346
2545
2631
2473
2559
2278
2724
2322
2375
2600
2400
2829
2478
2577
2436
2569
2510
2497
2484
2434
2629
2236
2403
2475
2606
2371
2706
2567
2615
2624
2379
2463
2279
2689
2745
2326
2495
2463
2215
2749
2469
2641
2523
2130
2146
2452
2212
2541
2609
2739
2425
2513
2405
2851
2561
2380
2736
2607
2477
2421
2709
2142
2371
2395
2325
2344
2485
2711
2565
2106
2551
2675
2521
2323
2207
2429
2267
2619
2550
2239
2476
2399
2776
2484
2502
2596
2749
2573
2288
2129
2502
2469
2201
2619
2595
2367
2409
2562
2763
2417
2386
2304
2567
2422
2423
2513
2542
2644
2352
2353
2783
2552
2394
2301
2385
2395
2362
2313
2487
2296
2317
2237
2513
2650
2239
2598
2494
2244
2538
2294
2562
2331
2229
2552
2434
2762
2214
2428
2479
2684
2372
2284
2549
2279
2254
2458
2288
2486
2275
2261
2615
2166
2549
2486
2442
2358
2548
2328
2408
2456
2520
2719
2523
2548
2582
2543
2278
2374
2526
2343
2230
2321
2246
2553
2353
2580
2322
2259
2289
2522
2365
2495
2490
2688
2810
2084
2510
2345
2605
2522
2268
2504
2377
2468
2443
2642
2724
2463
2671
2497
2278
2202
2341
2664
2447
2886
2840
2592
2434
2464
2498
2079
2405
2091
2590
2547
2234
2437
2137
2354
2489
2560
2457
2537
2210
2530
2205
2335
2745
2291
2479
2475
2603
2309
2126
2470
2466
2370
2424
2301
2546
2322
2410
2498
2742
2744
2615
2700
2413
2301
2349
2539
2303
2377
2590
2595
2373
2568
2410
2512
2590
2441
2337
2549
2384
2369
2408
2291
2720
2464
2484
2366
2635
2382
2410
2616
2237
2479
2478
2496
2324
2526
2600
2693
2411
2590
2518
2372
2475
2463
2310
2204
2450
2577
2283
2752
2584
2328
2128
2336
2548
2348
2449
2505
2525
2489
2568
2270
2741
2575
2180
2445
2626
2548
2438
2301
2334
2568
2374
2515
2680
2496
2513
2405
2550
2516
2534
2273
2485
2296
2550
2643
2509
2383
2587
2494
2409
2450
2360
2433
2488
2427
2153
2401
2441
2612
2563
2541
2347
2467
2254
2109
2256
2553
2459
2285
2490
2230
2341
2416
2591
2306
2541
2397
2342
2371
2430
2558
2486
2305
2479
2547
2378
2602
2590
2553
2651
2837
2524
2706
2362
2606
2889
2647
2419
2421
2357
2440
2043
2469
2599
2417
2288
2808
2352
2653
2923
2564
2517
2702
2132
2756
2471
2729
2514
2414
2592
2852
2316
2559
2596
2598
2294
2401
2558
2604
2587
2399
2557
2250
2297
2539
2760
2221
2635
2411
2328
2064
2751
2357
2310
2384
2360
2393
2373
2229
2138
2236
2433
2558
2632
2569
2208
2329
2388
2363
2333
2168
2220
2652
2526
2287
2232
2503
2520
2567
2495
2388
2545
2536
2518
2269
2058
2560
2087
2458
2287
2572
2455
2323
2613
2678
2621
2722
2363
2601
2373
2198
2500
2717
2362
2181
2383
2545
2374
2239
2218
2341
2280
2333
2249
2420
2541
2712
2835
2568
2430
2438
2563
2480
2397
2769
2387
2200
2537
2841
2353
2486
2592
2435
2613
2437
2327
2566
2467
2364
2299
2082
2741
2568
2396
2272
2512
